1025.0000	566.0000
1024.6316	563.5090
1024.2603	561.0131
1023.8829	558.5068
1023.4967	555.9855
1023.0986	553.4438
1022.6856	550.8768
1022.2548	548.2793
1021.8032	545.6464
1021.3278	542.9728
1020.8256	540.2536
1020.2936	537.4837
1019.7292	534.6585
1019.1335	531.7860
1018.5121	528.8880
1017.8711	525.9867
1017.2162	523.1044
1016.5533	520.2636
1015.8884	517.4865
1015.2272	514.7955
1014.5757	512.2128
1013.9398	509.7609
1013.3254	507.4620
1012.7383	505.3384
1012.1842	503.4105
1011.6666	501.6620
1011.1868	500.0480
1010.7464	498.5222
1010.3466	497.0385
1009.9889	495.5507
1009.6746	494.0127
1009.4053	492.3790
1009.1857	490.6290
1009.0257	488.7777
1008.9352	486.8425
1008.9244	484.8408
1009.0033	482.7901
1009.1819	480.7077
1009.4704	478.6112
1009.8787	476.5179
1010.4148	474.4444
1011.0677	472.3985
1011.8169	470.3835
1012.6418	468.4030
1013.5219	466.4603
1014.4364	464.5588
1015.3648	462.7019
1016.2864	460.8931
1017.1807	459.1356
1018.0280	457.4327
1018.8224	455.7854
1019.5678	454.1927
1020.2683	452.6540
1020.9279	451.1682
1021.5505	449.7345
1022.1404	448.3521
1022.7014	447.0201
1023.2327	445.7347
1023.7267	444.4877
1024.1753	443.2708
1024.5703	442.0756
1024.9037	440.8936
1025.1687	439.7157
1025.3741	438.5237
1025.5392	437.2935
1025.6832	436.0007
1025.8254	434.6213
1025.9851	433.1310
1026.1768	431.5131
1026.3885	429.7894
1026.6006	427.9941
1026.7933	426.1615
1026.9465	424.3256
1027.0405	422.5208
1027.0554	420.7812
1026.9714	419.1410
1026.7690	417.6389
1026.4304	416.3223
1025.9375	415.2401
1025.2723	414.4410
1024.4172	413.9736
1023.3829	413.8352
1022.2693	413.8651
1021.1932	413.8719
1020.2717	413.6642
1019.6134	413.0635
1019.2238	412.0518
1019.0367	410.7228
1018.9843	409.1727
1018.9990	407.4974
1019.0131	405.7929
1018.9613	404.1524
1018.8271	402.6111
1018.6400	401.1499
1018.4314	399.7475
1018.2323	398.3828
1018.0741	397.0344
1017.9879	395.6813
1017.9919	394.3103
1018.0788	392.9244
1018.2377	391.5288
1018.4578	390.1285
1018.7284	388.7286
1019.0388	387.3342
1019.3743	385.9499
1019.7095	384.5793
1020.0172	383.2258
1020.2698	381.8929
1020.4403	380.5840
1020.5012	379.3023
1020.4407	378.0470
1020.2859	376.8058
1020.0699	375.5648
1019.8260	374.3099
1019.5872	373.0274
1019.3843	371.7047
1019.2106	370.3521
1019.0308	368.9976
1018.8085	367.6696
1018.5075	366.3967
1018.0917	365.2070
1017.5330	364.1235
1016.8613	363.1288
1016.1312	362.1887
1015.3976	361.2686
1014.7151	360.3344
1014.1327	359.3613
1013.6268	358.4457
1013.1254	357.7649
1012.5556	357.4978
1011.8568	357.7807
1011.0309	358.5298
1010.1005	359.5897
1009.0881	360.8046
1008.0162	362.0192
1006.9075	363.0779
1005.7819	363.8756
1004.6521	364.4653
1003.5292	364.9305
1002.4241	365.3548
1001.3481	365.8217
1000.3116	366.4105
999.3177	367.1509
998.3652	368.0410
997.4524	369.0781
996.5779	370.2597
995.7401	371.5832
994.9384	373.0367
994.1807	374.5131
993.4796	375.8502
992.8480	376.8848
992.2988	377.4540
991.8445	377.3974
991.4903	376.6775
991.2300	375.4307
991.0569	373.8064
990.9642	371.9540
990.9449	370.0230
990.9925	368.1628
991.0970	366.4991
991.2331	365.0321
991.3704	363.7206
991.4784	362.5234
991.5266	361.3994
991.4847	360.3073
991.3473	359.2125
991.1682	358.0953
991.0102	356.9385
990.9358	355.7246
991.0077	354.4363
991.2486	353.0845
991.5432	351.7771
991.7461	350.6434
991.7121	349.8125
991.2982	349.4111
990.4742	349.4456
989.3719	349.7496
988.1354	350.1435
986.9089	350.4474
985.8283	350.4904
984.9225	350.2125
984.1467	349.6300
983.4547	348.7609
982.8005	347.6233
982.1562	346.2466
981.5238	344.6796
980.9081	342.9726
980.3141	341.1760
979.7465	339.3402
979.2101	337.5157
978.7100	335.7528
978.2505	334.0998
977.8284	332.5656
977.4341	331.1253
977.0575	329.7526
976.6888	328.4213
976.3181	327.1052
975.9353	325.7783
975.5349	324.4259
975.1211	323.0622
974.7001	321.7057
974.2780	320.3749
973.8607	319.0882
973.4543	317.8640
973.0635	316.7050
972.6890	315.5686
972.3309	314.4043
971.9893	313.1616
971.6642	311.7899
971.3553	310.2417
971.0491	308.5432
970.7186	306.8000
970.3361	305.1216
969.8736	303.6174
969.3035	302.3969
968.5978	301.5695
967.7352	301.2201
966.7307	301.2904
965.6122	301.6708
964.4082	302.2514
963.1465	302.9225
961.8548	303.5884
960.5560	304.2334
959.2715	304.8699
958.0231	305.5103
956.8320	306.1670
955.7198	306.8524
954.7041	307.5788
953.7706	308.3590
952.8907	309.2057
952.0361	310.1315
951.1781	311.1493
950.2882	312.2717
949.3561	313.5033
948.4083	314.8320
947.4758	316.2438
946.5894	317.7248
945.7802	319.2608
945.0792	320.8379
944.5172	322.4421
944.1092	324.0450
943.7982	325.5547
943.5071	326.8617
943.1592	327.8560
942.6775	328.4283
941.9965	328.4815
941.1671	328.0492
940.3079	327.2398
939.5377	326.1627
938.9757	324.9274
938.7003	323.6262
938.6523	322.2936
938.7438	320.9521
938.8868	319.6240
938.9930	318.3317
938.9753	317.0975
938.7886	315.9308
938.4536	314.8218
937.9968	313.7588
937.4446	312.7302
936.8234	311.7244
936.1571	310.7335
935.4655	309.7558
934.7675	308.7908
934.0823	307.8376
933.4293	306.8954
932.8186	305.9594
932.2355	305.0131
931.6608	304.0381
931.0751	303.0159
930.4592	301.9279
929.7950	300.7768
929.0685	299.6349
928.2664	298.5887
927.3754	297.7251
926.3821	297.1306
925.2756	296.8860
924.0711	296.9971
922.8023	297.4179
921.5032	298.1016
920.2078	299.0013
918.9500	300.0701
917.7625	301.2614
916.6601	302.5302
915.6448	303.8331
914.7182	305.1268
913.8822	306.3677
913.1384	307.5125
912.4885	308.5177
911.9185	309.3311
911.3552	309.8674
910.7112	310.0336
909.9058	309.7478
908.9243	309.0402
907.7889	308.0044
906.5227	306.7345
905.1483	305.3250
903.6888	303.8702
902.1670	302.4643
900.6056	301.2014
899.0242	300.1346
897.4353	299.2389
895.8510	298.4796
894.2833	297.8226
892.7441	297.2335
891.2452	296.6778
889.7989	296.1214
888.4139	295.5330
887.0768	294.9063
885.7634	294.2467
884.4496	293.5592
883.1114	292.8493
881.7244	292.1222
880.2646	291.3832
878.7171	290.6398
877.0901	289.9051
875.3954	289.1932
873.6447	288.5181
871.8499	287.8939
870.0226	287.3345
868.1748	286.8541
866.3182	286.4666
864.4620	286.1801
862.6073	285.9848
860.7540	285.8678
858.9019	285.8160
857.0506	285.8164
855.2000	285.8558
853.3499	285.9214
851.5000	286.0000
