1471.0000	803.0000
1470.8000	800.2344
1470.5935	797.4968
1470.3735	794.8154
1470.1334	792.2181
1469.8666	789.7330
1469.5663	787.3881
1469.2260	785.2115
1468.8386	783.2302
1468.3978	781.4346
1467.8967	779.7667
1467.3286	778.1658
1466.6869	776.5711
1465.9647	774.9216
1465.1619	773.1782
1464.3005	771.3777
1463.4080	769.5732
1462.5112	767.8179
1461.6375	766.1650
1460.8137	764.6674
1460.0530	763.3459
1459.3394	762.1561
1458.6536	761.0456
1457.9762	759.9619
1457.2935	758.8517
1456.6115	757.6589
1455.9410	756.3267
1455.2927	754.7983
1454.6781	753.0204
1454.1294	751.0122
1453.6978	748.8589
1453.4347	746.6483
1453.3920	744.4685
1453.6213	742.4071
1454.1742	740.5515
1455.0669	738.9409
1456.2495	737.5209
1457.6641	736.2272
1459.2527	734.9951
1460.9576	733.7601
1462.7217	732.4585
1464.5098	731.0614
1466.3149	729.5840
1468.1322	728.0444
1469.9565	726.4609
1471.7828	724.8517
1473.6062	723.2346
1475.4214	721.6280
1477.2185	720.0410
1478.9773	718.4647
1480.6765	716.8883
1482.2948	715.3007
1483.8108	713.6908
1485.2030	712.0476
1486.4507	710.3602
1487.5542	708.6204
1488.5437	706.8236
1489.4515	704.9658
1490.3098	703.0426
1491.1508	701.0500
1492.0068	698.9837
1492.9025	696.8423
1493.8333	694.6355
1494.7871	692.3754
1495.7522	690.0743
1496.7168	687.7445
1497.6689	685.3983
1498.5967	683.0479
1499.4888	680.7051
1500.3440	678.3751
1501.1700	676.0570
1501.9747	673.7499
1502.7660	671.4526
1503.5518	669.1642
1504.3398	666.8836
1505.1382	664.6099
1505.9525	662.3456
1506.7832	660.1024
1507.6298	657.8928
1508.4919	655.7300
1509.3693	653.6265
1510.2614	651.5952
1511.1678	649.6489
1512.0826	647.7882
1512.9871	645.9858
1513.8604	644.2102
1514.6816	642.4299
1515.4304	640.6135
1516.0858	638.7296
1516.6418	636.7681
1517.1302	634.7752
1517.5894	632.8065
1518.0574	630.9172
1518.5725	629.1630
1519.1726	627.5986
1519.8624	626.2281
1520.5856	624.9614
1521.2792	623.6988
1521.8802	622.3402
1522.3284	620.8033
1522.5837	619.1501
1522.6165	617.5135
1522.3967	616.0269
1521.8948	614.8235
1521.1062	614.0268
1520.0876	613.7361
1518.9055	614.0470
1517.6455	614.9397
1516.4558	616.0266
1515.4973	616.8472
1514.9301	616.9415
1514.8335	616.0509
1515.0997	614.3793
1515.5947	612.1956
1516.1847	609.7686
1516.7355	607.3671
1517.1149	605.2563
1517.2710	603.5353
1517.2634	602.0729
1517.1594	600.7209
1517.0267	599.3315
1516.9272	597.7722
1516.8762	596.0386
1516.8671	594.1868
1516.8929	592.2734
1516.9471	590.3553
1517.0225	588.4893
1517.0759	586.7403
1517.0005	585.1890
1516.6826	583.9171
1516.0084	583.0067
1514.9094	582.5005
1513.5026	582.2811
1511.9530	582.1893
1510.4254	582.0662
1509.0732	581.7605
1507.9314	581.2027
1506.9653	580.3705
1506.1399	579.2424
1505.4199	577.8044
1504.7726	576.0956
1504.1658	574.1780
1503.5676	572.1135
1502.9462	569.9643
1502.2693	567.7924
1501.5082	565.6567
1500.6757	563.5772
1499.8138	561.5455
1498.9657	559.5530
1498.1741	557.5909
1497.4816	555.6506
1496.9312	553.7233
1496.5386	551.8030
1496.2493	549.8916
1495.9968	547.9919
1495.7152	546.1067
1495.3384	544.2389
1494.8008	542.3914
1494.0836	540.5632
1493.2401	538.7477
1492.3302	536.9377
1491.4136	535.1263
1490.5500	533.3062
1489.7986	531.4703
1489.1683	529.6314
1488.5806	527.8358
1487.9474	526.1333
1487.1812	524.5740
1486.1942	523.2076
1484.9189	522.0846
1483.4216	521.2572
1481.8235	520.7789
1480.2462	520.7030
1478.8112	521.0829
1477.5898	521.9355
1476.5225	523.1815
1475.5273	524.7258
1474.5231	526.4734
1473.4283	528.3292
1472.1676	530.2017
1470.7426	532.0397
1469.2078	533.8204
1467.6185	535.5216
1466.0306	537.1210
1464.4995	538.5963
1463.0806	539.9252
1461.8091	541.0682
1460.6218	541.9027
1459.4266	542.2816
1458.1311	542.0577
1456.6621	541.1199
1455.0505	539.5505
1453.3613	537.4955
1451.6593	535.1012
1450.0096	532.5136
1448.4772	529.8790
1447.1270	527.3434
1446.0239	525.0531
1445.2074	523.1148
1444.6056	521.4653
1444.1166	519.9958
1443.6388	518.5971
1443.0703	517.1603
1442.3226	515.5920
1441.3794	513.8848
1440.2495	512.0609
1438.9417	510.1424
1437.4645	508.1515
1435.8267	506.1104
1434.0370	504.0412
1432.1090	501.9640
1430.0770	499.8898
1427.9806	497.8273
1425.8595	495.7852
1423.7534	493.7721
1421.7019	491.7967
1419.7448	489.8676
1417.9218	487.9937
1416.2711	486.1829
1414.7986	484.4314
1413.4722	482.7213
1412.2581	481.0339
1411.1226	479.3508
1410.0319	477.6532
1408.9521	475.9228
1407.8572	474.1489
1406.7466	472.3493
1405.6261	470.5482
1404.5010	468.7694
1403.3770	467.0371
1402.2594	465.3753
1401.1532	463.8042
1400.0575	462.3126
1398.9686	460.8739
1397.8829	459.4615
1396.7966	458.0487
1395.7065	456.6088
1394.6351	455.1190
1393.6534	453.5638
1392.8374	451.9284
1392.2631	450.1981
1392.0066	448.3579
1392.1212	446.3991
1392.5006	444.3558
1392.9690	442.2804
1393.3502	440.2253
1393.4683	438.2432
1393.1471	436.3865
1392.2385	434.7113
1390.8140	433.3022
1389.0488	432.2569
1387.1193	431.6734
1385.2012	431.6495
1383.4695	432.2815
1382.0189	433.5460
1380.8168	435.2305
1379.8191	437.1052
1378.9819	438.9406
1378.2614	440.5072
1377.6088	441.5840
1376.9083	442.0791
1375.9930	441.9976
1374.7378	441.3692
1373.1865	440.3098
1371.4247	438.9568
1369.5377	437.4471
1367.6110	435.9182
1365.7297	434.5070
1363.9751	433.3430
1362.3582	432.4363
1360.8364	431.7040
1359.3654	431.0607
1357.9009	430.4210
1356.3990	429.7006
1354.8287	428.8614
1353.1758	427.9257
1351.4271	426.9200
1349.5697	425.8706
1347.5906	424.8042
1345.4766	423.7470
1343.2244	422.7162
1340.8492	421.7103
1338.3687	420.7259
1335.8003	419.7593
1333.1617	418.8070
1330.4705	417.8654
1327.7440	416.9309
1325.0000	416.0000
