1780.0000	1136.0000
1776.9752	1135.9749
1773.9514	1135.9496
1770.9294	1135.9242
1767.9102	1135.8984
1764.8949	1135.8724
1761.8843	1135.8458
1758.8793	1135.8188
1755.8809	1135.7911
1752.8900	1135.7627
1749.9077	1135.7335
1746.9348	1135.7035
1743.9724	1135.6724
1741.0212	1135.6403
1738.0823	1135.6068
1735.1566	1135.5723
1732.2451	1135.5364
1729.3486	1135.4990
1726.4683	1135.4601
1723.6049	1135.4196
1720.7594	1135.3773
1717.9329	1135.3334
1715.1261	1135.2875
1712.3401	1135.2396
1709.5758	1135.1897
1706.8342	1135.1376
1704.1162	1135.0833
1701.4227	1135.0266
1698.7546	1134.9675
1696.1132	1134.9059
1693.4990	1134.8417
1690.9131	1134.7748
1688.3564	1134.7052
1685.8301	1134.6326
1683.3337	1134.5575
1680.8665	1134.4807
1678.4270	1134.4027
1676.0144	1134.3246
1673.6272	1134.2469
1671.2645	1134.1705
1668.9250	1134.0961
1666.6079	1134.0245
1664.3115	1133.9565
1662.0350	1133.8928
1659.7772	1133.8341
1657.5369	1133.7814
1655.3130	1133.7352
1653.1042	1133.6965
1650.9097	1133.6659
1648.7279	1133.6442
1646.5580	1133.6322
1644.3987	1133.6306
1642.2488	1133.6403
1640.1073	1133.6619
1637.9729	1133.6963
1635.8445	1133.7441
1633.7211	1133.8063
1631.6013	1133.8834
1629.4841	1133.9764
1627.3684	1134.0858
1625.2550	1134.2109
1623.1450	1134.3502
1621.0397	1134.5024
1618.9404	1134.6663
1616.8484	1134.8401
1614.7649	1135.0228
1612.6913	1135.2128
1610.6289	1135.4087
1608.5789	1135.6093
1606.5425	1135.8130
1604.5212	1136.0184
1602.5161	1136.2244
1600.5287	1136.4293
1598.5601	1136.6320
1596.6116	1136.8308
1594.6846	1137.0247
1592.7803	1137.2118
1590.8999	1137.3911
1589.0449	1137.5612
1587.2163	1137.7205
1585.4158	1137.8678
1583.6443	1138.0016
1581.9028	1138.1211
1580.1904	1138.2273
1578.5063	1138.3218
1576.8491	1138.4061
1575.2175	1138.4817
1573.6106	1138.5502
1572.0271	1138.6130
1570.4658	1138.6718
1568.9258	1138.7280
1567.4055	1138.7832
1565.9042	1138.8389
1564.4204	1138.8966
1562.9531	1138.9580
1561.5011	1139.0244
1560.0632	1139.0975
1558.6384	1139.1788
1557.2255	1139.2698
1555.8230	1139.3719
1554.4294	1139.4860
1553.0420	1139.6108
1551.6578	1139.7456
1550.2742	1139.8893
1548.8879	1140.0410
1547.4967	1140.1998
1546.0974	1140.3647
1544.6873	1140.5347
1543.2635	1140.7089
1541.8234	1140.8861
1540.3638	1141.0657
1538.8822	1141.2465
1537.3757	1141.4275
1535.8416	1141.6079
1534.2769	1141.7867
1532.6787	1141.9629
1531.0447	1142.1356
1529.3744	1142.3053
1527.6683	1142.4727
1525.9272	1142.6388
1524.1515	1142.8043
1522.3420	1142.9701
1520.4990	1143.1372
1518.6235	1143.3063
1516.7158	1143.4783
1514.7766	1143.6539
1512.8064	1143.8344
1510.8060	1144.0201
1508.7759	1144.2124
1506.7166	1144.4117
1504.6287	1144.6191
1502.5129	1144.8353
1500.3699	1145.0614
1498.2002	1145.2981
1496.0043	1145.5461
1493.7828	1145.8066
1491.5364	1146.0803
1489.2657	1146.3679
1486.9713	1146.6705
1484.6541	1146.9885
1482.3157	1147.3212
1479.9583	1147.6674
1477.5840	1148.0260
1475.1946	1148.3961
1472.7924	1148.7765
1470.3794	1149.1661
1467.9575	1149.5638
1465.5288	1149.9688
1463.0955	1150.3796
1460.6594	1150.7954
1458.2228	1151.2150
1455.7875	1151.6372
1453.3557	1152.0613
1450.9293	1152.4858
1448.5105	1152.9099
1446.1013	1153.3324
1443.7037	1153.7522
1441.3198	1154.1682
1438.9517	1154.5795
1436.6012	1154.9849
1434.2705	1155.3832
1431.9617	1155.7734
1429.6768	1156.1545
1427.4177	1156.5254
1425.1868	1156.8849
1422.9857	1157.2321
1420.8167	1157.5658
1418.6798	1157.8866
1416.5747	1158.1957
1414.5010	1158.4941
1412.4581	1158.7831
1410.4454	1159.0640
1408.4625	1159.3378
1406.5088	1159.6057
1404.5840	1159.8690
1402.6873	1160.1288
1400.8184	1160.3865
1398.9766	1160.6429
1397.1615	1160.8995
1395.3726	1161.1575
1393.6094	1161.4180
1391.8715	1161.6820
1390.1581	1161.9510
1388.4689	1162.2261
1386.8033	1162.5084
1385.1609	1162.7992
1383.5410	1163.0995
1381.9434	1163.4108
1380.3660	1163.7332
1378.8044	1164.0657
1377.2540	1164.4067
1375.7102	1164.7551
1374.1682	1165.1095
1372.6233	1165.4685
1371.0709	1165.8307
1369.5063	1166.1947
1367.9247	1166.5592
1366.3215	1166.9230
1364.6920	1167.2844
1363.0315	1167.6423
1361.3353	1167.9952
1359.5988	1168.3419
1357.8171	1168.6809
1355.9858	1169.0109
1354.1001	1169.3304
1352.1553	1169.6383
1350.1465	1169.9331
1348.0708	1170.2134
1345.9373	1170.4790
1343.7611	1170.7296
1341.5576	1170.9655
1339.3422	1171.1863
1337.1299	1171.3920
1334.9362	1171.5828
1332.7761	1171.7583
1330.6653	1171.9188
1328.6188	1172.0640
1326.6519	1172.1940
1324.7799	1172.3086
1323.0181	1172.4080
1321.3818	1172.4918
1319.8862	1172.5603
1318.5469	1172.6133
1317.3787	1172.6506
1316.3971	1172.6724
1315.6174	1172.6786
1315.0549	1172.6689
1314.7104	1172.6473
1314.4996	1172.6383
1314.3077	1172.6744
1314.0510	1172.7764
1313.7341	1172.9323
1313.3771	1173.1238
1313.0000	1173.3334
