1665.0000	427.0000
1663.6301	428.4695
1662.2600	429.9391
1660.8896	431.4085
1659.5187	432.8780
1658.1472	434.3474
1656.7749	435.8167
1655.4017	437.2859
1654.0275	438.7551
1652.6520	440.2241
1651.2750	441.6930
1649.8966	443.1618
1648.5164	444.6304
1647.1343	446.0988
1645.7502	447.5671
1644.3640	449.0352
1642.9755	450.5030
1641.5845	451.9706
1640.1908	453.4380
1638.7943	454.9052
1637.3948	456.3720
1635.9923	457.8386
1634.5865	459.3049
1633.1772	460.7709
1631.7645	462.2365
1630.3480	463.7018
1628.9276	465.1668
1627.5032	466.6314
1626.0746	468.0956
1624.6416	469.5595
1623.2041	471.0229
1621.7620	472.4859
1620.3151	473.9485
1618.8632	475.4106
1617.4061	476.8722
1615.9438	478.3334
1614.4761	479.7941
1613.0027	481.2543
1611.5237	482.7139
1610.0387	484.1730
1608.5476	485.6316
1607.0504	487.0896
1605.5469	488.5471
1604.0366	490.0039
1602.5199	491.4602
1600.9963	492.9158
1599.4662	494.3708
1597.9296	495.8252
1596.3865	497.2789
1594.8373	498.7320
1593.2819	500.1844
1591.7205	501.6361
1590.1532	503.0871
1588.5801	504.5375
1587.0015	505.9871
1585.4172	507.4360
1583.8276	508.8842
1582.2328	510.3317
1580.6328	511.7785
1579.0277	513.2245
1577.4177	514.6697
1575.8030	516.1141
1574.1837	517.5578
1572.5598	519.0007
1570.9314	520.4427
1569.2988	521.8840
1567.6621	523.3245
1566.0212	524.7642
1564.3766	526.2029
1562.7280	527.6409
1561.0759	529.0779
1559.4202	530.5142
1557.7610	531.9495
1556.0985	533.3840
1554.4329	534.8175
1552.7642	536.2502
1551.0925	537.6819
1549.4181	539.1127
1547.7410	540.5426
1546.0613	541.9716
1544.3790	543.3995
1542.6946	544.8265
1541.0079	546.2526
1539.3191	547.6777
1537.6284	549.1017
1535.9359	550.5248
1534.2417	551.9469
1532.5459	553.3679
1530.8486	554.7880
1529.1499	556.2069
1527.4502	557.6249
1525.7493	559.0417
1524.0474	560.4576
1522.3445	561.8725
1520.6409	563.2865
1518.9365	564.6998
1517.2314	566.1122
1515.5259	567.5240
1513.8198	568.9353
1512.1135	570.3459
1510.4069	571.7562
1508.7001	573.1660
1506.9932	574.5754
1505.2861	575.9846
1503.5793	577.3937
1501.8727	578.8026
1500.1663	580.2114
1498.4602	581.6202
1496.7546	583.0291
1495.0496	584.4381
1493.3450	585.8474
1491.6414	587.2569
1489.9384	588.6668
1488.2363	590.0771
1486.5352	591.4879
1484.8352	592.8992
1483.1364	594.3111
1481.4387	595.7238
1479.7426	597.1371
1478.0477	598.5513
1476.3545	599.9664
1474.6627	601.3824
1472.9728	602.7994
1471.2845	604.2177
1469.5983	605.6370
1467.9139	607.0575
1466.2316	608.4793
1464.5515	609.9025
1462.8735	611.3271
1461.1980	612.7533
1459.5249	614.1810
1457.8542	615.6103
1456.1862	617.0414
1454.5208	618.4741
1452.8582	619.9088
1451.1985	621.3453
1449.5417	622.7839
1447.8881	624.2244
1446.2374	625.6671
1444.5900	627.1118
1442.9453	628.5583
1441.3033	630.0065
1439.6639	631.4561
1438.0266	632.9069
1436.3915	634.3587
1434.7581	635.8113
1433.1263	637.2644
1431.4960	638.7179
1429.8668	640.1715
1428.2386	641.6251
1426.6112	643.0784
1424.9844	644.5311
1423.3580	645.9833
1421.7317	647.4344
1420.1053	648.8845
1418.4786	650.3333
1416.8516	651.7804
1415.2238	653.2258
1413.5950	654.6693
1411.9652	656.1105
1410.3340	657.5494
1408.7014	658.9857
1407.0669	660.4191
1405.4305	661.8495
1403.7920	663.2767
1402.1511	664.7004
1400.5077	666.1205
1398.8613	667.5367
1397.2122	668.9489
1395.5596	670.3567
1393.9037	671.7600
1392.2441	673.1586
1390.5808	674.5522
1388.9133	675.9407
1387.2417	677.3239
1385.5656	678.7015
1383.8846	680.0733
1382.1990	681.4391
1380.5081	682.7988
1378.8120	684.1520
1377.1104	685.4985
1375.4028	686.8384
1373.6896	688.1710
1371.9701	689.4965
1370.2443	690.8145
1368.5120	692.1249
1366.7734	693.4276
1365.0293	694.7229
1363.2800	696.0110
1361.5261	697.2919
1359.7682	698.5657
1358.0067	699.8328
1356.2421	701.0931
1354.4750	702.3468
1352.7058	703.5942
1350.9352	704.8353
1349.1636	706.0703
1347.3915	707.2992
1345.6194	708.5224
1343.8479	709.7399
1342.0775	710.9518
1340.3086	712.1584
1338.5420	713.3597
1336.7778	714.5559
1335.0168	715.7472
1333.2596	716.9337
1331.5066	718.1155
1329.7581	719.2928
1328.0149	720.4658
1326.2775	721.6345
1324.5463	722.7992
1322.8218	723.9600
1321.1046	725.1169
1319.3953	726.2703
1317.6941	727.4200
1316.0020	728.5666
1314.3191	729.7100
1312.6460	730.8502
1310.9834	731.9875
1309.3315	733.1222
1307.6913	734.2543
1306.0629	735.3838
1304.4469	736.5111
1302.8439	737.6362
1301.2544	738.7593
1299.6788	739.8804
1298.1178	740.9999
1296.5718	742.1178
1295.0414	743.2343
1293.5271	744.3495
1292.0289	745.4634
1290.5469	746.5762
1289.0806	747.6876
1287.6296	748.7977
1286.1940	749.9065
1284.7729	751.0139
1283.3667	752.1199
1281.9746	753.2244
1280.5964	754.3273
1279.2319	755.4287
1277.8809	756.5286
1276.5428	757.6268
1275.2175	758.7233
1273.9048	759.8181
1272.6042	760.9113
1271.3156	762.0026
1270.0385	763.0920
1268.7726	764.1796
1267.5178	765.2653
1266.2737	766.3491
1265.0400	767.4308
1263.8164	768.5106
1262.6027	769.5883
1261.3984	770.6639
1260.2034	771.7374
1259.0173	772.8086
1257.8398	773.8777
1256.6708	774.9445
1255.5098	776.0090
1254.3564	777.0712
1253.2106	778.1310
1252.0718	779.1884
1250.9399	780.2433
1249.8147	781.2958
1248.6957	782.3457
1247.5826	783.3931
1246.4753	784.4379
1245.3735	785.4802
1244.2771	786.5201
1243.1858	787.5577
1242.0996	788.5930
1241.0181	789.6263
1239.9412	790.6575
1238.8687	791.6866
1237.8005	792.7139
1236.7363	793.7393
1235.6760	794.7631
1234.6195	795.7851
1233.5664	796.8055
1232.5166	797.8246
1231.4700	798.8422
1230.4264	799.8584
1229.3855	800.8735
1228.3472	801.8873
1227.3112	802.9001
1226.2775	803.9120
1225.2458	804.9229
1224.2159	805.9329
1223.1877	806.9423
1222.1611	807.9509
1221.1357	808.9590
1220.1113	809.9666
1219.0880	810.9738
1218.0653	811.9806
1217.0432	812.9872
1216.0215	813.9937
1215.0000	815.0000
