628.0000	1021.0000
628.1171	1020.7209
628.1889	1020.4546
628.1702	1020.2138
628.0156	1020.0114
627.6868	1019.8579
627.1791	1019.7549
626.4983	1019.7006
625.6497	1019.6934
624.6391	1019.7318
623.4719	1019.8140
622.1538	1019.9384
620.6903	1020.1035
619.0870	1020.3076
617.3495	1020.5491
615.4833	1020.8265
613.4940	1021.1379
611.3872	1021.4819
609.1685	1021.8569
606.8434	1022.2611
604.4175	1022.6931
601.8963	1023.1510
599.2856	1023.6334
596.5907	1024.1387
593.8174	1024.6652
590.9711	1025.2112
588.0574	1025.7753
585.0820	1026.3556
582.0504	1026.9507
578.9681	1027.5590
575.8408	1028.1786
572.6740	1028.8082
569.4733	1029.4460
566.2442	1030.0905
562.9923	1030.7399
559.7233	1031.3927
556.4426	1032.0474
553.1559	1032.7021
549.8687	1033.3555
546.5866	1034.0056
543.3152	1034.6511
540.0600	1035.2903
536.8267	1035.9215
533.6206	1036.5432
530.4476	1037.1537
527.3131	1037.7513
524.2225	1038.3347
521.1774	1038.9032
518.1765	1039.4573
515.2181	1039.9974
512.3010	1040.5240
509.4235	1041.0377
506.5841	1041.5387
503.7815	1042.0275
501.0141	1042.5046
498.2803	1042.9705
495.5789	1043.4254
492.9082	1043.8701
490.2667	1044.3049
487.6531	1044.7302
485.0657	1045.1465
482.5031	1045.5542
479.9639	1045.9537
477.4465	1046.3457
474.9495	1046.7303
472.4713	1047.1083
470.0105	1047.4799
467.5656	1047.8456
465.1351	1048.2058
462.7175	1048.5612
460.3114	1048.9120
457.9152	1049.2587
455.5275	1049.6017
453.1468	1049.9417
450.7716	1050.2787
448.4004	1050.6136
446.0317	1050.9467
443.6640	1051.2782
441.2960	1051.6089
438.9259	1051.9391
436.5525	1052.2693
434.1741	1052.5999
431.7894	1052.9313
429.3968	1053.2639
426.9948	1053.5984
424.5820	1053.9351
422.1569	1054.2744
419.7179	1054.6168
417.2637	1054.9628
414.7928	1055.3126
412.3057	1055.6665
409.8029	1056.0242
407.2850	1056.3857
404.7528	1056.7510
402.2069	1057.1200
399.6479	1057.4924
397.0766	1057.8683
394.4936	1058.2477
391.8995	1058.6304
389.2951	1059.0162
386.6810	1059.4052
384.0578	1059.7972
381.4262	1060.1924
378.7869	1060.5903
376.1406	1060.9911
373.4879	1061.3945
370.8294	1061.8008
368.1659	1062.2095
365.4980	1062.6206
362.8263	1063.0343
360.1516	1063.4502
357.4745	1063.8684
354.7957	1064.2887
352.1157	1064.7112
349.4354	1065.1355
346.7553	1065.5619
344.0761	1065.9900
341.3986	1066.4198
338.7232	1066.8514
336.0508	1067.2845
333.3820	1067.7191
330.7174	1068.1552
328.0576	1068.5925
325.4035	1069.0311
322.7556	1069.4709
320.1146	1069.9119
317.4812	1070.3538
314.8560	1070.7965
312.2396	1071.2401
309.6328	1071.6846
307.0363	1072.1296
304.4506	1072.5753
301.8765	1073.0215
299.3147	1073.4680
296.7662	1073.9147
294.2323	1074.3612
291.7140	1074.8074
289.2126	1075.2528
286.7290	1075.6971
284.2646	1076.1403
281.8203	1076.5818
279.3975	1077.0215
276.9971	1077.4590
274.6205	1077.8942
272.2685	1078.3265
269.9425	1078.7560
267.6436	1079.1821
265.3729	1079.6047
263.1316	1080.0234
260.9207	1080.4381
258.7415	1080.8483
256.5951	1081.2538
254.4826	1081.6543
252.4052	1082.0497
250.3639	1082.4393
248.3600	1082.8232
246.3946	1083.2010
244.4688	1083.5725
242.5838	1083.9371
240.7407	1084.2949
238.9406	1084.6454
237.1848	1084.9884
235.4742	1085.3235
233.8102	1085.6506
232.1937	1085.9692
230.6260	1086.2793
229.1083	1086.5803
227.6415	1086.8721
226.2268	1087.1544
224.8622	1087.4276
223.5433	1087.6926
222.2655	1087.9503
221.0243	1088.2017
219.8152	1088.4476
218.6337	1088.6891
217.4752	1088.9270
216.3351	1089.1624
215.2091	1089.3960
214.0925	1089.6288
212.9808	1089.8618
211.8695	1090.0959
210.7540	1090.3320
209.6299	1090.5712
208.4925	1090.8141
207.3374	1091.0619
206.1601	1091.3154
204.9560	1091.5757
203.7205	1091.8435
202.4493	1092.1199
201.1411	1092.4053
199.7982	1092.6998
198.4236	1093.0037
197.0199	1093.3167
195.5898	1093.6390
194.1359	1093.9709
192.6611	1094.3121
191.1681	1094.6630
189.6595	1095.0233
188.1382	1095.3933
186.6067	1095.7731
185.0679	1096.1625
183.5244	1096.5619
181.9789	1096.9711
180.4343	1097.3901
178.8931	1097.8193
177.3581	1098.2585
175.8321	1098.7079
174.3177	1099.1675
172.8176	1099.6372
171.3346	1100.1173
169.8715	1100.6078
168.4308	1101.1088
167.0154	1101.6201
165.6278	1102.1421
164.2694	1102.6744
162.9384	1103.2166
161.6327	1103.7676
160.3503	1104.3269
159.0893	1104.8938
157.8477	1105.4677
156.6233	1106.0477
155.4143	1106.6333
154.2186	1107.2236
153.0342	1107.8180
151.8591	1108.4158
150.6913	1109.0162
149.5287	1109.6188
148.3694	1110.2224
147.2113	1110.8268
146.0525	1111.4309
144.8909	1112.0343
143.7245	1112.6361
142.5514	1113.2357
141.3694	1113.8323
140.1767	1114.4253
138.9711	1115.0139
137.7513	1115.5979
136.5182	1116.1776
135.2731	1116.7542
134.0176	1117.3284
132.7530	1117.9011
131.4806	1118.4733
130.2020	1119.0458
128.9186	1119.6194
127.6317	1120.1952
126.3427	1120.7739
125.0532	1121.3566
123.7644	1121.9440
122.4779	1122.5371
121.1949	1123.1366
119.9170	1123.7437
118.6456	1124.3589
117.3820	1124.9834
116.1276	1125.6180
114.8839	1126.2637
113.6523	1126.9210
112.4343	1127.5913
111.2311	1128.2750
110.0443	1128.9734
108.8749	1129.6870
107.7225	1130.4153
106.5863	1131.1576
105.4655	1131.9133
104.3593	1132.6818
103.2669	1133.4622
102.1874	1134.2537
101.1201	1135.0559
100.0641	1135.8679
99.0187	1136.6890
97.9830	1137.5186
96.9561	1138.3560
95.9374	1139.2003
94.9260	1140.0510
93.9211	1140.9073
92.9218	1141.7686
91.9274	1142.6340
90.9371	1143.5029
89.9500	1144.3748
88.9653	1145.2487
87.9822	1146.1240
87.0000	1147.0000
