423.0000	1000.0000
425.2383	1001.3411
427.4755	1002.6819
429.7107	1004.0227
431.9429	1005.3630
434.1711	1006.7030
436.3941	1008.0424
438.6111	1009.3812
440.8210	1010.7192
443.0229	1012.0564
445.2156	1013.3926
447.3982	1014.7277
449.5696	1016.0616
451.7289	1017.3943
453.8751	1018.7255
456.0070	1020.0552
458.1238	1021.3834
460.2244	1022.7097
462.3078	1024.0343
464.3730	1025.3569
466.4189	1026.6775
468.4446	1027.9958
470.4491	1029.3120
472.4312	1030.6259
474.3901	1031.9371
476.3247	1033.2458
478.2340	1034.5519
480.1170	1035.8552
481.9727	1037.1555
483.8000	1038.4528
485.5979	1039.7471
487.3655	1041.0380
489.1017	1042.3256
490.8056	1043.6097
492.4781	1044.8899
494.1220	1046.1648
495.7405	1047.4336
497.3365	1048.6949
498.9129	1049.9479
500.4728	1051.1913
502.0191	1052.4241
503.5549	1053.6450
505.0832	1054.8531
506.6069	1056.0472
508.1291	1057.2263
509.6526	1058.3892
511.1807	1059.5347
512.7161	1060.6619
514.2620	1061.7695
515.8212	1062.8567
517.3969	1063.9220
518.9919	1064.9646
520.6094	1065.9833
522.2522	1066.9768
523.9233	1067.9443
525.6260	1068.8845
527.3629	1069.7965
529.1372	1070.6790
530.9518	1071.5309
532.8098	1072.3512
534.7117	1073.1401
536.6556	1073.8994
538.6394	1074.6312
540.6610	1075.3372
542.7183	1076.0192
544.8091	1076.6792
546.9314	1077.3192
549.0829	1077.9410
551.2618	1078.5465
553.4657	1079.1377
555.6926	1079.7163
557.9403	1080.2844
560.2068	1080.8438
562.4899	1081.3962
564.7876	1081.9438
567.0977	1082.4885
569.4180	1083.0320
571.7466	1083.5763
574.0812	1084.1233
576.4197	1084.6748
578.7601	1085.2328
581.1002	1085.7992
583.4379	1086.3757
585.7711	1086.9646
588.0977	1087.5674
590.4155	1088.1863
592.7224	1088.8229
595.0164	1089.4794
597.2953	1090.1573
599.5570	1090.8590
601.7997	1091.5857
604.0238	1092.3364
606.2306	1093.1093
608.4216	1093.9020
610.5980	1094.7125
612.7612	1095.5387
614.9127	1096.3785
617.0538	1097.2297
619.1859	1098.0905
621.3104	1098.9584
623.4285	1099.8314
625.5417	1100.7075
627.6514	1101.5846
629.7589	1102.4606
631.8656	1103.3333
633.9729	1104.2004
636.0822	1105.0603
638.1947	1105.9105
640.3120	1106.7490
642.4352	1107.5737
644.5660	1108.3826
646.7056	1109.1735
648.8553	1109.9441
651.0165	1110.6926
653.1907	1111.4167
655.3792	1112.1144
657.5834	1112.7836
659.8046	1113.4221
662.0441	1114.0278
664.3035	1114.5988
666.5840	1115.1326
668.8859	1115.6288
671.2075	1116.0891
673.5466	1116.5155
675.9012	1116.9102
678.2693	1117.2751
680.6488	1117.6124
683.0377	1117.9242
685.4341	1118.2125
687.8357	1118.4795
690.2405	1118.7271
692.6466	1118.9575
695.0519	1119.1727
697.4543	1119.3749
699.8519	1119.5660
702.2425	1119.7483
704.6241	1119.9236
706.9946	1120.0942
709.3522	1120.2622
711.6946	1120.4294
714.0198	1120.5983
716.3259	1120.7705
718.6107	1120.9485
720.8722	1121.1342
723.1084	1121.3296
725.3173	1121.5369
727.4967	1121.7581
729.6447	1121.9952
731.7592	1122.2505
733.8381	1122.5260
735.8795	1122.8237
737.8813	1123.1456
739.8433	1123.4918
741.7672	1123.8597
743.6547	1124.2469
745.5078	1124.6508
747.3282	1125.0687
749.1177	1125.4982
750.8783	1125.9366
752.6117	1126.3815
754.3197	1126.8303
756.0042	1127.2803
757.6669	1127.7291
759.3097	1128.1741
760.9344	1128.6128
762.5428	1129.0425
764.1370	1129.4607
765.7184	1129.8647
767.2891	1130.2523
768.8507	1130.6206
770.4053	1130.9673
771.9545	1131.2896
773.5002	1131.5851
775.0443	1131.8512
776.5884	1132.0853
778.1344	1132.2872
779.6835	1132.4595
781.2370	1132.6049
782.7963	1132.7263
784.3627	1132.8265
785.9374	1132.9084
787.5220	1132.9750
789.1176	1133.0287
790.7257	1133.0726
792.3475	1133.1095
793.9844	1133.1423
795.6376	1133.1736
797.3086	1133.2065
798.9987	1133.2437
800.7091	1133.2880
802.4413	1133.3422
804.1964	1133.4093
805.9760	1133.4919
807.7813	1133.5930
809.6136	1133.7155
811.4742	1133.8621
813.3646	1134.0354
815.2849	1134.2374
817.2328	1134.4666
819.2058	1134.7212
821.2013	1134.9998
823.2167	1135.3003
825.2493	1135.6212
827.2965	1135.9609
829.3558	1136.3175
831.4246	1136.6895
833.5002	1137.0751
835.5801	1137.4725
837.6617	1137.8801
839.7423	1138.2964
841.8195	1138.7192
843.8904	1139.1473
845.9526	1139.5787
848.0034	1140.0118
850.0404	1140.4449
852.0608	1140.8765
854.0620	1141.3044
856.0415	1141.7273
857.9967	1142.1434
859.9249	1142.5510
861.8236	1142.9484
863.6902	1143.3339
865.5220	1143.7057
867.3164	1144.0623
869.0721	1144.4027
870.7906	1144.7283
872.4740	1145.0408
874.1240	1145.3416
875.7426	1145.6324
877.3318	1145.9149
878.8936	1146.1907
880.4297	1146.4613
881.9423	1146.7284
883.4332	1146.9935
884.9044	1147.2584
886.3578	1147.5247
887.7954	1147.7937
889.2191	1148.0674
890.6309	1148.3472
892.0326	1148.6346
893.4263	1148.9316
894.8138	1149.2395
896.1971	1149.5601
897.5783	1149.8947
898.9590	1150.2451
900.3400	1150.6119
901.7212	1150.9951
903.1025	1151.3948
904.4840	1151.8112
905.8655	1152.2440
907.2471	1152.6936
908.6285	1153.1600
910.0100	1153.6433
911.3912	1154.1436
912.7723	1154.6608
914.1532	1155.1949
915.5337	1155.7463
916.9139	1156.3149
918.2938	1156.9009
919.6732	1157.5040
921.0521	1158.1246
922.4305	1158.7628
923.8083	1159.4185
925.1855	1160.0918
926.5620	1160.7825
927.9379	1161.4900
929.3131	1162.2134
930.6877	1162.9519
932.0619	1163.7046
933.4355	1164.4707
934.8087	1165.2494
936.1813	1166.0398
937.5536	1166.8409
938.9255	1167.6523
940.2970	1168.4728
941.6682	1169.3016
943.0392	1170.1381
944.4099	1170.9812
945.7803	1171.8301
947.1505	1172.6841
948.5206	1173.5422
949.8906	1174.4038
951.2604	1175.2678
952.6302	1176.1334
954.0000	1177.0000
